0 0.543785 0.459764 0.044727 0.050056
0 0.380348 0.475674 0.043633 0.054792
0 0.332715 0.479729 0.043633 0.054792
0 0.248004 0.448299 0.037008 0.044014
0 0.297293 0.417403 0.034789 0.037472
0 0.262723 0.416125 0.021555 0.027278
0 0.693453 0.502632 0.035781 0.050653
0 0.352504 0.413264 0.024742 0.037472
0 0.369398 0.587653 0.046719 0.076750
0 0.443539 0.502944 0.049437 0.066778
0 0.401004 0.677424 0.060992 0.114903
0 0.657918 0.699174 0.088586 0.113542
0 0.544996 0.502125 0.044727 0.050056
0 0.308668 0.521285 0.039961 0.057486
0 0.467348 0.438743 0.040352 0.050375
0 0.650879 0.573160 0.051320 0.038792
0 0.628617 0.510549 0.052250 0.047597
0 0.920125 0.651618 0.100234 0.102764
0 0.766156 0.642278 0.077375 0.085111
0 0.498109 0.628722 0.066484 0.102194
0 0.597602 0.826569 0.094047 0.139778
0 0.663711 0.964694 0.111828 0.070611
0 0.375418 0.517076 0.043633 0.054792
0 0.259449 0.480354 0.037008 0.044014
0 0.882176 0.932243 0.166461 0.135514
0 0.726516 0.507340 0.034750 0.029181
0 0.418711 0.430521 0.039141 0.037431
0 0.532082 0.581160 0.053508 0.068403
