0 0.273965 0.839493 0.085648 0.135764
0 0.874926 0.697778 0.079148 0.081972
0 0.345566 0.495375 0.041398 0.038528
0 0.567352 0.446958 0.043734 0.041250
0 0.190410 0.396222 0.024008 0.029500
0 0.252398 0.405514 0.027297 0.030194
0 0.296574 0.464403 0.043023 0.047111
0 0.231398 0.399319 0.021422 0.025861
0 0.345539 0.410889 0.022672 0.026500
0 0.434184 0.896049 0.096445 0.195708
0 0.562191 0.489097 0.043727 0.041250
0 0.507133 0.464465 0.040359 0.037986
0 0.423809 0.421687 0.037070 0.034153
0 0.668086 0.521965 0.043828 0.044931
0 0.340457 0.421069 0.031586 0.039028
0 0.598023 0.640882 0.072094 0.089597
0 0.382117 0.624201 0.050766 0.077236
0 0.239656 0.521167 0.040266 0.063167
0 0.307414 0.529340 0.047016 0.072653
0 0.639145 0.561507 0.038602 0.050625
0 0.985582 0.636264 0.028383 0.087583
0 0.830715 0.612056 0.071617 0.062139
0 0.853082 0.942514 0.107055 0.108250
