0 0.482926 0.471910 0.041492 0.029542
0 0.575605 0.480167 0.052039 0.051056
0 0.613719 0.476444 0.036594 0.034639
0 0.306184 0.413299 0.020102 0.019597
0 0.258707 0.551840 0.043102 0.057903
0 0.781598 0.421778 0.035789 0.034500
0 0.456922 0.587201 0.055906 0.070347
0 0.276934 0.604681 0.046836 0.076667
0 0.785410 0.561993 0.099039 0.095264
0 0.850078 0.562396 0.061766 0.079153
0 0.718422 0.604090 0.064609 0.080347
0 0.528711 0.726479 0.068359 0.103097
0 0.265699 0.478285 0.040664 0.045708
0 0.454758 0.521611 0.047922 0.051083
0 0.429137 0.933694 0.116758 0.126139
0 0.345609 0.492715 0.044219 0.050403
0 0.482750 0.459958 0.040453 0.051111
0 0.250473 0.395944 0.026211 0.024833
0 0.212652 0.400528 0.026211 0.024833
0 0.408523 0.434507 0.028687 0.025681
0 0.816500 0.925736 0.153172 0.145083
0 0.376004 0.440438 0.031164 0.026875
0 0.591023 0.523118 0.037328 0.045514
0 0.386320 0.626479 0.060344 0.094069
