0 0.479441 0.610028 0.063680 0.094944
0 0.635223 0.557438 0.058961 0.051931
0 0.772852 0.652861 0.078312 0.090583
0 0.814422 0.519597 0.059906 0.057917
0 0.768801 0.568944 0.067367 0.067306
0 0.608117 0.889674 0.110719 0.182292
0 0.275813 0.707993 0.062688 0.101264
0 0.271941 0.832722 0.080508 0.161889
0 0.686523 0.742688 0.090188 0.116347
0 0.462691 0.949444 0.114289 0.095083
0 0.326355 0.416861 0.034852 0.035861
0 0.762918 0.409319 0.037430 0.050444
0 0.965617 0.707667 0.064375 0.065278
0 0.194336 0.397868 0.022031 0.024264
0 0.239438 0.409056 0.025313 0.027361
0 0.268250 0.409917 0.025312 0.027361
0 0.309535 0.468389 0.043164 0.049528
0 0.273418 0.487681 0.043164 0.049528
0 0.427770 0.437090 0.042758 0.046875
0 0.399410 0.448465 0.034523 0.038319
0 0.597055 0.462181 0.040375 0.045083
0 0.497332 0.477326 0.042758 0.046875
0 0.555180 0.462097 0.055484 0.058750
0 0.240258 0.535854 0.034141 0.044125
0 0.378863 0.617694 0.059008 0.096444
