0 0.426742 0.502326 0.053516 0.061597
0 0.240484 0.466326 0.041906 0.049708
0 0.659371 0.514181 0.059820 0.047861
0 0.396125 0.691528 0.059344 0.093444
0 0.745027 0.559569 0.055695 0.054778
0 0.779273 0.545604 0.044672 0.039958
0 0.227262 0.470313 0.069102 0.060264
0 0.289469 0.501903 0.037484 0.041806
0 0.560852 0.510090 0.048672 0.048569
0 0.451004 0.951806 0.143773 0.096389
0 0.347586 0.433306 0.033922 0.037722
0 0.360262 0.420729 0.027445 0.029514
0 0.223117 0.427500 0.031828 0.027222
0 0.505805 0.437375 0.136766 0.150861
0 0.370395 0.508667 0.053508 0.061583
0 0.731793 0.625701 0.072180 0.075264
0 0.866848 0.720812 0.096039 0.097514
0 0.620637 0.550562 0.052273 0.055542
0 0.267316 0.539250 0.040164 0.069194
0 0.502387 0.554028 0.049195 0.056472
