0 0.555629 0.460847 0.035242 0.038972
0 0.970469 0.720743 0.058484 0.090431
0 0.396699 0.429840 0.020930 0.020986
0 0.352063 0.438153 0.024984 0.019639
0 0.245195 0.468882 0.037844 0.045958
0 0.502848 0.649896 0.069930 0.107847
0 0.323359 0.515882 0.047531 0.090819
0 0.282715 0.652715 0.056102 0.099875
0 0.485961 0.466681 0.033984 0.043111
0 0.835090 0.689382 0.090305 0.084542
0 0.559059 0.775174 0.082117 0.124764
0 0.765852 0.602361 0.068687 0.075500
0 0.825617 0.553174 0.072453 0.071042
0 0.615426 0.502382 0.049586 0.051736
0 0.429953 0.947528 0.114063 0.101917
0 0.315672 0.480153 0.040297 0.029111
0 0.626633 0.463313 0.055500 0.056514
0 0.326687 0.425778 0.030437 0.034778
0 0.273344 0.407521 0.030438 0.034792
0 0.305102 0.402340 0.030437 0.034792
0 0.221484 0.926806 0.124375 0.146389
0 0.474445 0.467375 0.056922 0.043306
0 0.384203 0.483194 0.042750 0.046833
0 0.263012 0.545813 0.042945 0.060625
