0 0.447281 0.573403 0.053781 0.065833
0 0.663152 0.476292 0.043758 0.030861
0 0.840418 0.959729 0.047195 0.068264
0 0.282738 0.782111 0.078508 0.169556
0 0.936516 0.692208 0.085641 0.076556
0 0.979398 0.580125 0.041125 0.071694
0 0.610254 0.474090 0.050336 0.051625
0 0.596523 0.529813 0.038641 0.048931
0 0.397578 0.657521 0.069687 0.137236
0 0.929129 0.608486 0.083602 0.075306
0 0.676910 0.580743 0.062211 0.066819
0 0.522504 0.693181 0.066523 0.116250
0 0.682719 0.721694 0.086203 0.128083
0 0.811191 0.676153 0.085023 0.082917
0 0.330477 0.547757 0.043656 0.063708
0 0.285891 0.630625 0.047516 0.078111
0 0.547855 0.583861 0.073008 0.100667
0 0.275102 0.591847 0.041406 0.060417
0 0.237711 0.523799 0.036234 0.052125
0 0.448867 0.464861 0.031266 0.032472
0 0.499590 0.482722 0.047789 0.045028
0 0.343020 0.492146 0.047789 0.049014
0 0.202176 0.479514 0.036242 0.052111
0 0.240387 0.468993 0.036242 0.052125
0 0.266270 0.450153 0.036242 0.052111
0 0.212281 0.438757 0.036234 0.052125
0 0.537828 0.437451 0.043656 0.042708
0 0.474945 0.424090 0.051766 0.051514
0 0.392004 0.447153 0.033383 0.043194
0 0.313383 0.416264 0.033391 0.043194
0 0.265145 0.409694 0.025664 0.034083
0 0.238437 0.402840 0.025672 0.035403
0 0.189820 0.397111 0.019406 0.023972
0 0.169539 0.394778 0.019406 0.023972
