0 0.246949 0.907264 0.098727 0.153556
0 0.366016 0.424792 0.040141 0.047306
0 0.313867 0.415049 0.029781 0.041597
0 0.487258 0.434472 0.040859 0.040694
0 0.420402 0.539944 0.061273 0.080722
0 0.495320 0.550479 0.051359 0.061986
0 0.676039 0.942813 0.118641 0.114375
0 0.266570 0.586493 0.047422 0.076542
0 0.340328 0.542938 0.051359 0.061986
0 0.235223 0.521486 0.040852 0.067806
0 0.228656 0.456639 0.042594 0.057722
0 0.263437 0.485063 0.042594 0.057708
0 0.243969 0.412687 0.029781 0.041597
0 0.265867 0.397667 0.021672 0.027389
0 0.445820 0.465069 0.040859 0.040694
0 0.409402 0.675194 0.059086 0.113833
0 0.284801 0.690958 0.060633 0.132806
0 0.850840 0.694007 0.089523 0.083181
0 0.521508 0.653722 0.071312 0.110250
0 0.700340 0.598917 0.066695 0.071306
0 0.715336 0.513646 0.055375 0.059792
0 0.456187 0.604014 0.051344 0.077194
0 0.774734 0.870417 0.118641 0.148306
0 0.576258 0.483083 0.050875 0.052889
0 0.877773 0.645674 0.082687 0.071264
