0 0.835332 0.558146 0.091758 0.080875
0 0.256578 0.459583 0.039719 0.033889
0 0.243336 0.429778 0.039719 0.033889
0 0.289453 0.406993 0.026609 0.032875
0 0.326973 0.418118 0.029102 0.032903
0 0.431793 0.420104 0.034836 0.034792
0 0.523219 0.443153 0.046594 0.053667
0 0.200906 0.399431 0.021250 0.022944
0 0.175578 0.392576 0.021250 0.022958
0 0.218191 0.400056 0.015930 0.020111
0 0.364953 0.435042 0.038344 0.037861
0 0.722277 0.548438 0.064523 0.070153
0 0.298934 0.523333 0.123211 0.097694
0 0.342871 0.543014 0.040086 0.067778
0 0.279227 0.579271 0.102594 0.212708
0 0.353422 0.465382 0.048797 0.066292
0 0.440617 0.581764 0.052109 0.067083
0 0.447813 0.457743 0.046500 0.048264
0 0.626020 0.499549 0.052102 0.053181
0 0.491508 0.462472 0.038531 0.040222
0 0.532348 0.674667 0.070008 0.105194
0 0.499820 0.556868 0.065250 0.073042
0 0.839027 0.618604 0.091758 0.080875
0 0.595125 0.528715 0.048922 0.060597
