0 0.247500 0.403319 0.028437 0.032139
0 0.283281 0.402597 0.028438 0.032139
0 0.303746 0.425292 0.026289 0.032194
0 0.390492 0.428146 0.036094 0.037847
0 0.361820 0.412944 0.026281 0.032194
0 0.709703 0.551840 0.060687 0.062014
0 0.344434 0.434472 0.026289 0.032194
0 0.821996 0.559021 0.068773 0.055764
0 0.511727 0.421424 0.130594 0.091125
0 0.247273 0.936944 0.098141 0.126111
0 0.628500 0.868819 0.121563 0.170806
0 0.374531 0.511910 0.046578 0.050069
0 0.275496 0.489681 0.037883 0.048833
0 0.472770 0.972000 0.109195 0.056000
0 0.655016 0.439590 0.130594 0.091125
0 0.962680 0.609937 0.074641 0.081792
0 0.319668 0.478687 0.037883 0.048819
0 0.258871 0.546056 0.041852 0.098833
0 0.565293 0.478840 0.051898 0.052153
0 0.682031 0.497563 0.052500 0.052875
0 0.800590 0.506889 0.063258 0.047667
0 0.567648 0.498556 0.055547 0.091250
0 0.778430 0.655236 0.084578 0.071583
0 0.332496 0.536979 0.043039 0.062375
0 0.301055 0.650069 0.051656 0.093056
0 0.424316 0.566549 0.052336 0.080403
0 0.219707 0.395083 0.025039 0.029056
