0 0.545238 0.582056 0.059898 0.081889
0 0.229648 0.469167 0.034297 0.038056
0 0.330570 0.536097 0.046984 0.069694
0 0.464855 0.520236 0.059898 0.081889
0 0.379141 0.516090 0.050312 0.071347
0 0.324125 0.444174 0.040781 0.054903
0 0.274441 0.466951 0.035336 0.046069
0 0.174461 0.375903 0.070141 0.076806
0 0.226918 0.404410 0.031070 0.035625
0 0.990824 0.642319 0.018023 0.057972
0 0.438078 0.582187 0.048578 0.062819
0 0.623305 0.679708 0.078016 0.101861
0 0.292566 0.503799 0.040148 0.049764
0 0.552844 0.472118 0.052297 0.055625
0 0.262273 0.898542 0.121719 0.191667
0 0.778332 0.642958 0.087617 0.117111
0 0.842543 0.615944 0.072773 0.069472
0 0.616543 0.497646 0.051570 0.059653
0 0.285625 0.625569 0.053938 0.103528
0 0.736105 0.518403 0.052773 0.050639
0 0.700043 0.537701 0.057023 0.058625
0 0.476270 0.632667 0.059898 0.081889
0 0.256832 0.399632 0.031070 0.035625
0 0.301012 0.402590 0.031070 0.035625
0 0.406645 0.448229 0.041273 0.045653
0 0.662207 0.468542 0.052773 0.050639
0 0.371160 0.439493 0.041273 0.045653
0 0.517590 0.430507 0.051898 0.049625
0 0.462750 0.454597 0.040781 0.054889
0 0.268254 0.441889 0.035336 0.046083
0 0.236105 0.443868 0.035336 0.046069
