0 0.293238 0.778486 0.072430 0.150000
0 0.737738 0.492535 0.051555 0.051847
0 0.748547 0.577972 0.070609 0.064361
0 0.544289 0.733528 0.073797 0.110306
0 0.301063 0.596229 0.042797 0.074347
0 0.897281 0.460250 0.070922 0.064389
0 0.508844 0.566375 0.054641 0.063167
0 0.328020 0.541375 0.038570 0.062972
0 0.292254 0.506646 0.039008 0.062097
0 0.251699 0.551090 0.041086 0.049458
0 0.913605 0.577306 0.082945 0.086500
0 0.322051 0.417250 0.041477 0.034167
0 0.333816 0.486021 0.042555 0.046042
0 0.432434 0.507326 0.048789 0.064542
0 0.735164 0.797222 0.118469 0.174083
0 0.387008 0.632917 0.098391 0.217222
0 0.289199 0.438604 0.039008 0.062097
0 0.399684 0.416354 0.039008 0.062097
0 0.257715 0.408167 0.041477 0.034167
0 0.264074 0.489319 0.032539 0.048417
0 0.258629 0.454653 0.032539 0.048417
0 0.372762 0.477063 0.042555 0.046042
